100850
103030
103270
107748
108600
113730
114480
114900
116940
123295
124090
134660
136510
137960
138040
138290
138322
138330
146500
147460
151430
152425
154100
168000
168600
171300
176960
179617
184755
185430
185880
188250
193245
201475
203750
205950
212138
229300
231670
231680
239510
249650
250220
252010
252011
255120
256810
258870
266150
272300
300135
300160
300169
300403
300614
300773
300777
300816
300862
300872
300952
300958
301310
310490
580000
600039
600040
600301
600305
600439
600462
600528
600675
601175
601266
601417
601650
601997
602074
602138
602371
602449
602496
602533
602652
602690
602736
602958
602985
603021
603152
603270
603538
603648
603696
603774
603827
603832
603839
603841
603844
603850
603921
604298
604325
604326
604483
604544
604601
604602
604618
604744
604851
604853
604887
604959
605034
605084
605152
605426
605609
605677
605700
605825
606105
606153
606219
606324
606536
606639
606794
606811
606829
606830
606864
606887
606980
607055
607381
607388
607426
607427
607435
607809
607960
608053
608061
608109
608382
608442
608536
608745
608786
608801
608917
609003
609060
609063
609139
609287
609302
609304
609501
609538
609560
609575
609624
609686
609811
609825
609841
609988
610006
610015
610059
610230
610250
610284
610423
610647
610796
610817
610819
610820
610822
610825
610843
610953
610957
611006
611740
611789
611821
611825
611836
611837
611839
611842
611844
611848
611856
611859
611947
611975
611979
611984
611996
612016
612073
612080
612316
612392
612583
612634
612770
612799
612801
612804
612814
612837
612898
612907
612999
613019
613022
613070
613311
613349
613561
613597
613616
613621
613698
613718
613719
613724
613845
613888
613889
613972
614047
614053
614063
614297
614298
614358
614359
614361
614388
614508
614559
614610
614654
614683
614751
614769
614901
614923
614924
614942
615011
615043
615064
615106
615159
615180
615194
615300
615484
615533
615595
615673
615741
615787
615898
615962
616003
616007
616034
616084
616099
616150
616198
616244
616276
616289
616299
616423
616710
616811
616929
616959
617021
617069
617222
617223
100650
100670
102910
103020
103030
103220
103260
103270
103900
107323
107748
107830
108600
108729
109610
109715
111600
113530
114250
114480
114550
114761
115080
115310
116940
118190
118210
118485
118800
118950
120360
121300
121800
123290
123295
123864
123866
123870
123970
123980
123995
123996
124000
124080
124089
124090
125250
125290
125853
126063
126064
126065
130410
133239
136510
136850
137150
137580
137800
137960
138040
138130
138150
138250
138280
138290
138300
138330
138430
138450
138760
139080
142600
143450
143880
144700
145505
146500
147460
147650
150800
151430
151623
152425
154100
154270
157640
157655
159552
160900
161015
164350
164360
164760
164940
165300
165500
168600
171300
172405
174763
175200
176200
176705
176807
176914
176977
177000
179035
179060
179061
179617
180370
180435
181500
182170
182500
184755
185430
185470
185620
185880
188250
188350
189980
190090
190315
191170
191327
191328
191329
191330
191525
193245
201450
201470
201475
201710
201810
202010
202300
203400
203700
204750
210000
210200
210210
211980
212350
213200
213700
214400
214950
219150
220110
220111
220120
222745
229300
231530
231670
231675
231680
232000
232050
234200
235700
236792
237300
237310
238300
238310
238330
238331
238700
238970
239500
239510
243500
245050
245348
245349
245400
246450
246900
248360
248600
248610
248611
249650
250620
250800
250950
251000
251100
251110
251120
251880
252010
252011
253270
255110
255120
255125
256000
256700
256810
258450
258501
258870
259600
259900
260500
261650
262000
263750
264700
266100
266150
267500
268900
271980
272300
273300
275355
277410
277900
300056
300078
300089
300135
300144
300150
300151
300157
300160
300169
300194
300220
300230
300242
300249
300252
300255
300256
300356
300387
300403
300405
300407
300438
300461
300474
300502
300519
300614
300615
300641
300678
300705
300751
300752
300777
300816
300862
300871
300872
300885
300887
300890
300905
300906
300941
300952
300958
301300
301310
304700
307030
309801
309850
309860
310490
311250
312170
403000
580000
600009
600039
600040
600116
600141
600148
600160
600184
600234
600287
600305
600312
600370
600373
600378
600393
600438
600439
600440
600462
600516
600528
600529
600532
600543
600548
600560
600605
600611
600617
600649
600650
600675
600696
600721
600783
600789
600794
600828
600850
600857
600861
600890
600923
600924
601066
601119
601125
601148
601149
601152
601162
601175
601213
601231
601238
601250
601266
601269
601306
601417
601421
601424
601444
601445
601465
601472
601518
601519
601562
601609
601639
601659
601665
601677
601683
601693
601778
601810
601818
601825
601848
601896
601931
601982
601987
601997
602009
602044
602072
602074
602125
602137
602138
602139
602140
602141
602169
602184
602216
602241
602251
602292
602318
602360
602371
602375
602389
602391
602395
602399
602413
602449
602473
602496
602524
602525
602527
602533
602544
602587
602652
602677
602694
602736
602758
602774
602783
602871
602897
602958
602985
603000
603021
603032
603063
603076
603131
603150
603152
603167
603178
603192
603193
603198
603291
603293
603322
603350
603358
603359
603392
603447
603471
603485
603494
603501
603538
603549
603644
603645
603646
603647
603648
603667
603696
603766
603773
603774
603827
603832
603833
603834
603835
603836
603837
603838
603839
603840
603841
603842
603843
603844
603845
603846
603847
603848
603850
603859
603861
603922
604051
604165
604193
604272
604273
604285
604298
604325
604326
604377
604407
604443
604455
604479
604481
604482
604483
604486
604489
604492
604526
604544
604581
604601
604602
604618
604626
604631
604641
604650
604671
604694
604723
604733
604744
604769
604770
604773
604813
604840
604851
604853
604898
604928
604983
605057
605058
605084
605089
605113
605122
605131
605159
605162
605196
605219
605280
605285
605290
605292
605304
605345
605368
605373
605377
605426
605452
605454
605464
605490
605536
605609
605612
605677
605700
605711
605733
605771
605810
605814
605817
605849
605850
605854
605899
605909
605911
605977
605993
605995
605998
606022
606054
606081
606088
606105
606148
606153
606157
606173
606261
606324
606365
606387
606388
606441
606448
606521
606530
606535
606536
606544
606580
606583
606598
606639
606659
606717
606761
606762
606794
606809
606810
606811
606812
606820
606829
606830
606838
606864
606866
606882
606885
606887
606910
606934
606980
607008
607031
607033
607036
607046
607060
607118
607149
607196
607236
607251
607259
607311
607334
607381
607383
607384
607422
607424
607426
607427
607429
607447
607459
607464
607472
607481
607490
607544
607568
607571
607618
607706
607729
607810
607831
607858
607878
607960
607976
607980
608016
608017
608024
608038
608053
608061
608086
608090
608100
608106
608109
608112
608142
608157
608179
608188
608205
608232
608292
608300
608307
608309
608340
608348
608382
608388
608419
608440
608442
608451
608475
608506
608507
608536
608555
608625
608702
608744
608745
608746
608769
608770
608782
608786
608801
608836
608846
608847
608853
608862
608908
608917
608918
608938
608977
609007
609010
609014
609015
609016
609018
609023
609058
609060
609063
609139
609153
609186
609204
609260
609283
609287
609290
609302
609303
609304
609316
609367
609411
609435
609460
609501
609506
609538
609560
609575
609576
609584
609588
609589
609615
609624
609653
609658
609676
609686
609711
609728
609763
609767
609805
609811
609825
609841
609866
609909
609910
609911
609947
609972
609975
609988
609997
610015
610029
610045
610131
610198
610200
610211
610230
610235
610246
610250
610251
610267
610284
610289
610297
610316
610324
610345
610375
610387
610423
610428
610449
610465
610498
610502
610505
610516
610564
610600
610613
610624
610632
610633
610637
610647
610678
610690
610704
610738
610764
610773
610793
610815
610816
610818
610820
610821
610822
610823
610824
610825
610826
610843
610919
610953
610956
611023
611037
611065
611077
611083
611103
611105
611126
611224
611238
611283
611390
611410
611427
611507
611523
611524
611530
611553
611554
611592
611632
611719
611740
611754
611766
611776
611787
611789
611822
611823
611824
611825
611826
611827
611828
611829
611830
611831
611832
611833
611834
611835
611836
611838
611840
611841
611842
611843
611845
611846
611847
611848
611849
611850
611851
611852
611853
611854
611855
611856
611857
611858
611859
611873
611911
611932
611933
611935
611947
611964
611971
611972
611973
611974
611976
611977
611978
611980
611981
611982
611983
611984
611985
611986
611987
611988
611989
611990
611991
611992
611993
611994
611995
612004
612016
612035
612036
612037
612058
612080
612122
612207
612233
612276
612316
612317
612323
612359
612360
612374
612386
612392
612418
612471
612492
612572
612583
612634
612638
612654
612714
612718
612732
612770
612799
612800
612802
612803
612805
612814
612848
612906
612907
612911
612928
612940
612949
612958
612999
613022
613036
613070
613076
613159
613163
613213
613221
613320
613327
613349
613390
613399
613415
613466
613541
613542
613553
613559
613584
613597
613616
613621
613641
613642
613657
613662
613669
613672
613691
613710
613718
613719
613724
613725
613743
613748
613782
613814
613844
613874
613888
613890
613898
613916
613940
613972
614047
614052
614053
614061
614063
614095
614096
614105
614111
614126
614127
614129
614152
614165
614197
614212
614245
614265
614288
614297
614298
614307
614322
614336
614355
614356
614357
614358
614359
614360
614361
614388
614438
614447
614461
614462
614478
614479
614487
614497
614508
614530
614582
614585
614610
614624
614651
614652
614667
614682
614691
614698
614702
614710
614725
614736
614737
614738
614739
614740
614741
614751
614769
614770
614771
614772
614774
614775
614785
614796
614849
614901
614917
614918
614919
614922
614923
614924
614926
614932
614934
614939
614942
614946
614947
614948
614960
614981
614984
615025
615035
615043
615048
615064
615076
615084
615119
615135
615156
615157
615158
615159
615160
615166
615182
615194
615204
615228
615275
615300
615316
615317
615318
615330
615371
615393
615394
615395
615402
615407
615418
615423
615434
615453
615470
615484
615497
615498
615499
615515
615533
615559
615564
615569
615570
615571
615572
615578
615588
615611
615627
615634
615652
615653
615673
615741
615751
615773
615787
615807
615824
615830
615831
615838
615843
615889
615898
615903
615910
615911
615916
615917
615918
615934
615962
616003
616034
616039
616045
616049
616084
616091
616099
616149
616150
616168
616169
616198
616209
616211
616231
616239
616263
616275
616277
616282
616299
616320
616359
616370
616422
616423
616430
616431
616451
616501
616505
616515
616539
616574
616577
616586
616588
616603
616638
616672
616684
616712
616732
616733
616794
616811
616839
616854
616855
616859
616860
616896
616929
616930
616937
616952
616959
616962
616974
616978
617021
617046
617064
617065
617068
617069
617070
617086
617087
617156
617222
617223
617267
617298